shadowsocks=34.209.78.103:443, method=aes-256-cfb, password=amazonskr05, fast-open=false, udp-relay=false, tag=1678070286.659107
shadowsocks=3.35.219.165:443, method=aes-256-cfb, password=amazonskr05, fast-open=false, udp-relay=false, tag=1678070286.659135
shadowsocks=13.125.176.172:443, method=aes-256-cfb, password=amazonskr05, fast-open=false, udp-relay=false, tag=1678070286.659144